{
 "cells": [
  {
   "cell_type": "code",
   "execution_count": 17,
   "metadata": {},
   "outputs": [],
   "source": [
    "import numpy as np\n",
    "import pandas as pd\n",
    "import yfinance as yf\n",
    "\n",
    "\n",
    "import plotly.graph_objects as go\n",
    "import plotly.express as px\n",
    "from plotly.subplots import make_subplots\n",
    "import plotly.figure_factory as ff"
   ]
  },
  {
   "cell_type": "code",
   "execution_count": 18,
   "metadata": {},
   "outputs": [
    {
     "data": {
      "text/html": [
       "<div>\n",
       "<style scoped>\n",
       "    .dataframe tbody tr th:only-of-type {\n",
       "        vertical-align: middle;\n",
       "    }\n",
       "\n",
       "    .dataframe tbody tr th {\n",
       "        vertical-align: top;\n",
       "    }\n",
       "\n",
       "    .dataframe thead th {\n",
       "        text-align: right;\n",
       "    }\n",
       "</style>\n",
       "<table border=\"1\" class=\"dataframe\">\n",
       "  <thead>\n",
       "    <tr style=\"text-align: right;\">\n",
       "      <th></th>\n",
       "      <th>0</th>\n",
       "      <th>1</th>\n",
       "      <th>2</th>\n",
       "      <th>3</th>\n",
       "      <th>4</th>\n",
       "      <th>5</th>\n",
       "      <th>6</th>\n",
       "      <th>7</th>\n",
       "      <th>8</th>\n",
       "      <th>9</th>\n",
       "      <th>...</th>\n",
       "      <th>73</th>\n",
       "      <th>74</th>\n",
       "      <th>75</th>\n",
       "      <th>76</th>\n",
       "      <th>77</th>\n",
       "      <th>78</th>\n",
       "      <th>79</th>\n",
       "      <th>80</th>\n",
       "      <th>81</th>\n",
       "      <th>82</th>\n",
       "    </tr>\n",
       "  </thead>\n",
       "  <tbody>\n",
       "    <tr>\n",
       "      <th>0</th>\n",
       "      <td>-0.005763</td>\n",
       "      <td>-0.026772</td>\n",
       "      <td>-0.087660</td>\n",
       "      <td>0.026042</td>\n",
       "      <td>-0.003650</td>\n",
       "      <td>-0.074595</td>\n",
       "      <td>-0.057377</td>\n",
       "      <td>-0.084338</td>\n",
       "      <td>-0.084821</td>\n",
       "      <td>0.081127</td>\n",
       "      <td>...</td>\n",
       "      <td>-0.049128</td>\n",
       "      <td>-0.094203</td>\n",
       "      <td>0.000000</td>\n",
       "      <td>-0.083417</td>\n",
       "      <td>0.109715</td>\n",
       "      <td>-0.025634</td>\n",
       "      <td>0.015899</td>\n",
       "      <td>-0.014392</td>\n",
       "      <td>0.042297</td>\n",
       "      <td>-0.010116</td>\n",
       "    </tr>\n",
       "    <tr>\n",
       "      <th>1</th>\n",
       "      <td>0.058059</td>\n",
       "      <td>0.113269</td>\n",
       "      <td>0.175373</td>\n",
       "      <td>0.096116</td>\n",
       "      <td>0.076657</td>\n",
       "      <td>0.120327</td>\n",
       "      <td>0.010870</td>\n",
       "      <td>0.102639</td>\n",
       "      <td>0.154634</td>\n",
       "      <td>0.130871</td>\n",
       "      <td>...</td>\n",
       "      <td>-0.029639</td>\n",
       "      <td>0.160000</td>\n",
       "      <td>-0.083081</td>\n",
       "      <td>-0.021158</td>\n",
       "      <td>-0.019817</td>\n",
       "      <td>0.030551</td>\n",
       "      <td>-0.021737</td>\n",
       "      <td>0.003431</td>\n",
       "      <td>0.004292</td>\n",
       "      <td>-0.065693</td>\n",
       "    </tr>\n",
       "    <tr>\n",
       "      <th>2</th>\n",
       "      <td>-0.037039</td>\n",
       "      <td>0.035610</td>\n",
       "      <td>-0.026984</td>\n",
       "      <td>-0.077318</td>\n",
       "      <td>-0.144086</td>\n",
       "      <td>-0.012513</td>\n",
       "      <td>-0.053763</td>\n",
       "      <td>-0.031031</td>\n",
       "      <td>-0.013519</td>\n",
       "      <td>-0.117281</td>\n",
       "      <td>...</td>\n",
       "      <td>-0.014870</td>\n",
       "      <td>-0.006897</td>\n",
       "      <td>-0.178512</td>\n",
       "      <td>0.004320</td>\n",
       "      <td>-0.009998</td>\n",
       "      <td>-0.049396</td>\n",
       "      <td>0.000881</td>\n",
       "      <td>-0.068494</td>\n",
       "      <td>-0.036105</td>\n",
       "      <td>0.003123</td>\n",
       "    </tr>\n",
       "    <tr>\n",
       "      <th>3</th>\n",
       "      <td>0.055546</td>\n",
       "      <td>-0.002807</td>\n",
       "      <td>0.093801</td>\n",
       "      <td>0.044626</td>\n",
       "      <td>0.089131</td>\n",
       "      <td>0.062302</td>\n",
       "      <td>0.011364</td>\n",
       "      <td>0.067736</td>\n",
       "      <td>0.018844</td>\n",
       "      <td>0.013110</td>\n",
       "      <td>...</td>\n",
       "      <td>0.052459</td>\n",
       "      <td>-0.055556</td>\n",
       "      <td>-0.051674</td>\n",
       "      <td>0.058668</td>\n",
       "      <td>-0.050943</td>\n",
       "      <td>0.096973</td>\n",
       "      <td>0.014222</td>\n",
       "      <td>0.087317</td>\n",
       "      <td>0.034290</td>\n",
       "      <td>0.004675</td>\n",
       "    </tr>\n",
       "    <tr>\n",
       "      <th>4</th>\n",
       "      <td>0.037787</td>\n",
       "      <td>0.035890</td>\n",
       "      <td>0.021626</td>\n",
       "      <td>0.163150</td>\n",
       "      <td>0.064524</td>\n",
       "      <td>0.053678</td>\n",
       "      <td>0.024719</td>\n",
       "      <td>0.035753</td>\n",
       "      <td>-0.121480</td>\n",
       "      <td>0.033673</td>\n",
       "      <td>...</td>\n",
       "      <td>0.046823</td>\n",
       "      <td>0.077206</td>\n",
       "      <td>0.036358</td>\n",
       "      <td>0.023387</td>\n",
       "      <td>-0.172145</td>\n",
       "      <td>0.128671</td>\n",
       "      <td>0.077061</td>\n",
       "      <td>0.014368</td>\n",
       "      <td>0.068786</td>\n",
       "      <td>0.062015</td>\n",
       "    </tr>\n",
       "  </tbody>\n",
       "</table>\n",
       "<p>5 rows × 83 columns</p>\n",
       "</div>"
      ],
      "text/plain": [
       "         0         1         2         3         4         5         6   \\\n",
       "0 -0.005763 -0.026772 -0.087660  0.026042 -0.003650 -0.074595 -0.057377   \n",
       "1  0.058059  0.113269  0.175373  0.096116  0.076657  0.120327  0.010870   \n",
       "2 -0.037039  0.035610 -0.026984 -0.077318 -0.144086 -0.012513 -0.053763   \n",
       "3  0.055546 -0.002807  0.093801  0.044626  0.089131  0.062302  0.011364   \n",
       "4  0.037787  0.035890  0.021626  0.163150  0.064524  0.053678  0.024719   \n",
       "\n",
       "         7         8         9   ...        73        74        75        76  \\\n",
       "0 -0.084338 -0.084821  0.081127  ... -0.049128 -0.094203  0.000000 -0.083417   \n",
       "1  0.102639  0.154634  0.130871  ... -0.029639  0.160000 -0.083081 -0.021158   \n",
       "2 -0.031031 -0.013519 -0.117281  ... -0.014870 -0.006897 -0.178512  0.004320   \n",
       "3  0.067736  0.018844  0.013110  ...  0.052459 -0.055556 -0.051674  0.058668   \n",
       "4  0.035753 -0.121480  0.033673  ...  0.046823  0.077206  0.036358  0.023387   \n",
       "\n",
       "         77        78        79        80        81        82  \n",
       "0  0.109715 -0.025634  0.015899 -0.014392  0.042297 -0.010116  \n",
       "1 -0.019817  0.030551 -0.021737  0.003431  0.004292 -0.065693  \n",
       "2 -0.009998 -0.049396  0.000881 -0.068494 -0.036105  0.003123  \n",
       "3 -0.050943  0.096973  0.014222  0.087317  0.034290  0.004675  \n",
       "4 -0.172145  0.128671  0.077061  0.014368  0.068786  0.062015  \n",
       "\n",
       "[5 rows x 83 columns]"
      ]
     },
     "execution_count": 18,
     "metadata": {},
     "output_type": "execute_result"
    }
   ],
   "source": [
    "df = pd.read_csv('asset_returns.csv', names=[i for i in range(83)])\n",
    "daily_returns = df.fillna(0)\n",
    "daily_returns.head()"
   ]
  },
  {
   "cell_type": "code",
   "execution_count": 40,
   "metadata": {},
   "outputs": [],
   "source": [
    "def optimal_weights(rets, target_return):\n",
    "    mean_return = rets.mean().to_numpy().reshape(-1, 1)\n",
    "    daily_cov = rets.cov().to_numpy()\n",
    "    e = np.ones(len(mean_return)).reshape(-1, 1)\n",
    "    result = []\n",
    "    for r_p in target_return:\n",
    "        \n",
    "        top_row = np.hstack((daily_cov, -mean_return, -e))\n",
    "        middle_row = np.hstack((-mean_return.T, np.zeros((1, 1)), np.zeros((1, 1))))\n",
    "        bottom_row = np.hstack((-e.T, np.zeros((1, 1)), np.zeros((1, 1))))\n",
    "\n",
    "        A = np.vstack((top_row, middle_row, bottom_row))\n",
    "        for row in A:\n",
    "            print(row)\n",
    "        b = np.vstack((np.zeros((len(mean_return), 1)), -r_p, -1))\n",
    "\n",
    "        # Solve the linear system\n",
    "        try:\n",
    "            x = np.linalg.solve(A, b)\n",
    "            result.append(x.flatten())\n",
    "        except np.linalg.LinAlgError as err:\n",
    "            print(f\"Cannot solve linear system for target return {r_p}: {err}\")\n",
    "            continue\n",
    "\n",
    "    results_df = pd.DataFrame(result, columns=[f\"Asset {i+1}\" for i in range(len(mean_return))] + [\"Lambda\", \"Mu\"])\n",
    "    results_df.set_index(target_return, inplace=True)\n",
    "    return results_df"
   ]
  },
  {
   "cell_type": "markdown",
   "metadata": {},
   "source": [
    "### Actual average returns, backtesting:\n",
    "\n",
    "$ \\overline{r}^\\top w $ - actual average returns\n",
    "\n",
    "$ w^\\top \\Sigma w^\\top $ - portfolio covariance \n",
    "\n",
    "where $w$ denote the optimal portfolio, $\\overline{r}$ denote the average return over\n",
    "the out-of-sample period, and $\\Sigma$ denote the out of sample covariance matrix.\n"
   ]
  },
  {
   "cell_type": "code",
   "execution_count": 20,
   "metadata": {},
   "outputs": [],
   "source": [
    "def backtesting(optimal_weights, OOS_rets, target_return):\n",
    "    mean_return_OOS = OOS_rets.mean().to_numpy().reshape(-1, 1)\n",
    "    daily_cov_OOS = OOS_rets.cov().to_numpy()\n",
    "    arr = optimal_weights.to_numpy()\n",
    "    res = []\n",
    "\n",
    "    for index, row in enumerate(arr):\n",
    "        weights = row[:-2]\n",
    "        targ_ret = target_return[index]\n",
    "        act_ave_return = (mean_return_OOS.T @ weights).item()\n",
    "        pf_cov = weights.T @ daily_cov_OOS @ weights\n",
    "        res.append([targ_ret, act_ave_return, pf_cov])\n",
    "    \n",
    "    return np.array(res)"
   ]
  },
  {
   "cell_type": "markdown",
   "metadata": {},
   "source": [
    "# Main"
   ]
  },
  {
   "cell_type": "code",
   "execution_count": 41,
   "metadata": {},
   "outputs": [
    {
     "name": "stdout",
     "output_type": "stream",
     "text": [
      "[ 1.39795480e-03  3.17478680e-04  4.01009887e-04  5.26611031e-04\n",
      "  1.15847406e-03  6.35436277e-04  6.21020308e-04  5.76319664e-04\n",
      "  4.26807328e-04  1.23588877e-03  3.05106235e-04  4.10183994e-04\n",
      "  6.70277792e-04  3.93627197e-04  2.88731045e-04  3.18718316e-04\n",
      "  1.34193219e-03  1.46048456e-03  9.67060024e-04  1.61880344e-03\n",
      "  3.92000884e-04  4.66357832e-04  5.35658486e-04  8.10628274e-04\n",
      "  4.05725986e-04  1.41302606e-03  4.83298370e-04  1.04235225e-03\n",
      "  5.71370140e-04  8.11542203e-04  1.31208846e-03  8.87561571e-04\n",
      "  1.22433426e-03  4.38844898e-04  3.34051670e-04  8.47029889e-04\n",
      "  3.20341160e-04  8.41591753e-04  1.08570177e-03  3.19890907e-04\n",
      "  9.71000504e-04  5.14324591e-04  7.42683036e-04  5.78867790e-04\n",
      "  5.06182271e-04  1.12822825e-03  8.73095005e-04  1.29716333e-03\n",
      "  7.64379895e-04  7.14234716e-04  5.44935121e-04  8.99706235e-04\n",
      "  4.70892555e-04  7.47367743e-04  7.63313983e-04  1.12873187e-03\n",
      "  6.12082075e-04  3.96743467e-04  9.03053740e-04  6.33368631e-04\n",
      "  4.66539768e-04  4.05191060e-04  9.70289864e-04  6.85274066e-04\n",
      "  3.50031427e-04  9.48203270e-05  1.24784956e-03  8.52555813e-04\n",
      "  4.83137725e-04  1.26772141e-03  8.07052013e-04  4.63419241e-04\n",
      "  5.85639990e-04  3.55674672e-04  7.46035191e-04  8.36799376e-04\n",
      "  9.74144283e-04  9.16996333e-04  5.07635974e-04  8.37068171e-04\n",
      "  3.96288785e-04  5.65773931e-04  3.64388925e-04 -4.11425057e-04\n",
      " -1.00000000e+00]\n",
      "[ 3.17478680e-04  7.16997270e-04  3.17713228e-04  3.40849244e-04\n",
      "  3.33366117e-04  3.67112782e-04  3.84501397e-04  3.83987318e-04\n",
      "  2.80646831e-04  3.57936915e-04  3.15908760e-04  3.36470414e-04\n",
      "  2.62127548e-04  3.89998017e-04  4.85871903e-04  3.12524206e-04\n",
      "  3.23277216e-04  3.11748566e-04  4.07505741e-04  4.93175932e-04\n",
      "  3.15020308e-04  3.04846656e-04  3.39419024e-04  3.84134064e-04\n",
      "  2.86779457e-04  3.43741514e-04  2.44232042e-04  4.00097644e-04\n",
      "  3.07104131e-04  2.40339511e-04  4.39819455e-04  4.38346547e-04\n",
      "  2.97196811e-04  3.44404159e-04  2.67578128e-04  4.10579517e-04\n",
      "  2.95471316e-04  2.73389020e-04  3.61955153e-04  1.63823155e-04\n",
      "  2.85000675e-04  2.77134574e-04  2.76113015e-04  1.65674105e-04\n",
      "  2.28528154e-04  3.66300278e-04  3.01996756e-04  3.75422355e-04\n",
      "  2.98443695e-04  3.02466638e-04  3.65382931e-04  3.24750129e-04\n",
      "  2.48228996e-04  2.97993914e-04  3.06455441e-04  3.39294381e-04\n",
      "  2.46943393e-04  3.21707731e-04  3.60909822e-04  2.48305476e-04\n",
      "  3.39397010e-04  3.02937557e-04  4.36377095e-04  1.81308898e-04\n",
      "  2.97536670e-04  8.75676196e-05  4.10477184e-04  4.04943989e-04\n",
      "  2.25302460e-04  3.61558705e-04  3.17819007e-04  3.17389983e-04\n",
      "  2.26141647e-04  2.59183310e-04  3.05601759e-04  2.77401799e-04\n",
      "  2.45927348e-04  3.09335695e-04  2.13698087e-04  2.82590336e-04\n",
      "  2.42739431e-04  3.17150531e-04  2.51028278e-04 -2.83658608e-03\n",
      " -1.00000000e+00]\n",
      "[ 4.01009887e-04  3.17713228e-04  9.13764064e-04  4.70429934e-04\n",
      "  5.34875001e-04  4.07373754e-04  3.90938846e-04  4.49066956e-04\n",
      "  6.77542421e-04  6.07914694e-04  2.99103853e-04  3.58189775e-04\n",
      "  3.73763145e-04  3.30555160e-04  3.02078752e-04  2.79987526e-04\n",
      "  6.40435378e-04  6.34915722e-04  3.88039009e-04  6.01638215e-04\n",
      "  3.07174334e-04  4.80217640e-04  3.80552213e-04  4.73987331e-04\n",
      "  3.89775099e-04  6.02846859e-04  3.00729433e-04  4.20519846e-04\n",
      "  3.88544496e-04  3.75460180e-04  4.67422088e-04  4.73946182e-04\n",
      "  6.15213246e-04  4.16617995e-04  2.26171071e-04  5.02892300e-04\n",
      "  2.51792445e-04  4.06430009e-04  4.68233632e-04  1.46896051e-04\n",
      "  4.20616179e-04  3.95482025e-04  3.70334044e-04  3.03768181e-04\n",
      "  3.05413738e-04  3.80768047e-04  3.17889726e-04  6.22705850e-04\n",
      "  3.10737726e-04  4.20887050e-04  4.51372422e-04  3.36625937e-04\n",
      "  3.43225573e-04  3.84911984e-04  3.11169071e-04  5.27649919e-04\n",
      "  2.53565644e-04  3.39037323e-04  4.25227624e-04  3.85090108e-04\n",
      "  3.57083419e-04  2.69606677e-04  4.28357026e-04  2.98475406e-04\n",
      "  3.29077681e-04 -8.32024967e-05  4.85537453e-04  2.50331242e-04\n",
      "  2.87204222e-04  4.76701049e-04  3.06229657e-04  2.66706069e-04\n",
      "  4.50764409e-04  2.35380262e-04  4.09845080e-04  2.49074060e-04\n",
      "  2.93299704e-04  2.26363805e-04  1.95086338e-04  3.21984454e-04\n",
      "  2.58966391e-04  4.09769155e-04  2.08736736e-04 -5.76980067e-04\n",
      " -1.00000000e+00]\n",
      "[ 5.26611031e-04  3.40849244e-04  4.70429934e-04  1.30478155e-03\n",
      "  6.64056349e-04  4.66003264e-04  4.78594482e-04  5.11692754e-04\n",
      "  3.90490896e-04  7.04554095e-04  2.62098842e-04  3.04709546e-04\n",
      "  6.72330556e-04  3.34219483e-04  2.80277811e-04  3.61297966e-04\n",
      "  9.08309913e-04  6.77315836e-04  5.67477736e-04  7.35066255e-04\n",
      "  3.36847113e-04  4.55019849e-04  4.86194080e-04  6.54516998e-04\n",
      "  3.64679634e-04  8.23145758e-04  4.80725401e-04  6.24099948e-04\n",
      "  4.98897813e-04  4.87497466e-04  7.10862942e-04  8.01756771e-04\n",
      "  7.25991906e-04  5.08395345e-04  3.02654078e-04  6.03671340e-04\n",
      "  3.28977727e-04  4.85029518e-04  6.30708317e-04  3.13118072e-04\n",
      "  7.34866374e-04  4.05807284e-04  4.99401631e-04  4.44878934e-04\n",
      "  4.64327676e-04  6.30968420e-04  4.09465109e-04  8.10980774e-04\n",
      "  3.72584268e-04  6.40273746e-04  5.71875013e-04  5.60419930e-04\n",
      "  4.94535162e-04  5.42149674e-04  4.58335660e-04  8.34627418e-04\n",
      "  4.01455433e-04  4.02451360e-04  6.01304144e-04  6.16089616e-04\n",
      "  3.74859177e-04  2.98482724e-04  5.21995073e-04  5.14063028e-04\n",
      "  3.73457014e-04 -2.58523196e-05  6.47787837e-04  4.96269366e-04\n",
      "  3.52791776e-04  5.74965169e-04  3.79176830e-04  3.46826774e-04\n",
      "  5.66088675e-04  2.96233306e-04  4.97315837e-04  4.54807025e-04\n",
      "  4.78902029e-04  4.79744191e-04  4.17161056e-04  4.43453398e-04\n",
      "  3.50091486e-04  4.02042275e-04  3.66187077e-04 -1.83953594e-03\n",
      " -1.00000000e+00]\n",
      "[ 1.15847406e-03  3.33366117e-04  5.34875001e-04  6.64056349e-04\n",
      "  2.64322980e-03  7.43990320e-04  8.30280053e-04  6.96624730e-04\n",
      "  5.70861106e-04  1.78038842e-03  4.46160225e-04  4.62192113e-04\n",
      "  9.10872871e-04  4.08586113e-04  3.21541266e-04  3.38588709e-04\n",
      "  1.78027447e-03  1.81959411e-03  1.31394114e-03  1.90200850e-03\n",
      "  5.54417692e-04  5.91470395e-04  8.02859541e-04  1.21855132e-03\n",
      "  5.41821727e-04  1.95280098e-03  5.90800170e-04  1.30785950e-03\n",
      "  7.59808294e-04  1.03559309e-03  1.44399145e-03  1.31117953e-03\n",
      "  1.79501034e-03  7.10858958e-04  4.18287705e-04  1.22416815e-03\n",
      "  5.16597791e-04  1.33909496e-03  1.72712802e-03  5.86949205e-04\n",
      "  1.52789672e-03  6.34319032e-04  1.04492789e-03  9.18627473e-04\n",
      "  9.02706291e-04  1.54716297e-03  1.21079761e-03  1.78339205e-03\n",
      "  1.08516805e-03  1.04240481e-03  7.42651276e-04  1.22460238e-03\n",
      "  7.08328034e-04  1.00834994e-03  1.58892181e-03  1.50601863e-03\n",
      "  9.52821462e-04  6.24486853e-04  1.18060366e-03  1.04143203e-03\n",
      "  5.91558757e-04  4.86235571e-04  1.95970142e-03  1.11535687e-03\n",
      "  4.70637479e-04  1.28130715e-04  2.53679719e-03  1.27131374e-03\n",
      "  7.34861661e-04  1.83821543e-03  1.15363380e-03  6.53269054e-04\n",
      "  1.06791508e-03  4.85768088e-04  1.11278228e-03  1.22859185e-03\n",
      "  1.75159882e-03  1.46464360e-03  8.90819660e-04  1.18890840e-03\n",
      "  6.71251529e-04  9.01939697e-04  6.85970482e-04 -1.71044810e-03\n",
      " -1.00000000e+00]\n",
      "[ 6.35436277e-04  3.67112782e-04  4.07373754e-04  4.66003264e-04\n",
      "  7.43990320e-04  1.31674097e-03  5.74741082e-04  9.32856224e-04\n",
      "  4.14400629e-04  7.50209624e-04  3.04952880e-04  4.06447796e-04\n",
      "  4.58009124e-04  3.83989562e-04  3.00019312e-04  3.48381206e-04\n",
      "  8.61217482e-04  8.57361080e-04  1.10946317e-03  1.00891245e-03\n",
      "  3.61078661e-04  4.84020873e-04  5.15521264e-04  6.95446443e-04\n",
      "  3.79340356e-04  8.97290566e-04  4.59043034e-04  1.15175875e-03\n",
      "  5.40047795e-04  6.02886073e-04  9.36734715e-04  7.33076267e-04\n",
      "  7.17780898e-04  4.84231681e-04  3.63651039e-04  6.68610410e-04\n",
      "  3.93804656e-04  6.53129028e-04  7.33734408e-04  3.34384878e-04\n",
      "  5.85214751e-04  4.58045160e-04  5.64390330e-04  3.83502793e-04\n",
      "  4.04005258e-04  1.10253204e-03  4.90589897e-04  9.36105437e-04\n",
      "  4.71404378e-04  4.39665759e-04  5.38654107e-04  6.02475915e-04\n",
      "  4.74213832e-04  4.88259501e-04  5.40534707e-04  7.72226937e-04\n",
      "  4.97375650e-04  4.44791823e-04  7.70903282e-04  5.23547570e-04\n",
      "  4.33866420e-04  3.88215829e-04  6.06332219e-04  5.56215865e-04\n",
      "  3.56920630e-04  4.54410393e-04  6.13856256e-04  1.10456378e-03\n",
      "  4.32297310e-04  7.88825077e-04  4.65533688e-04  4.89670225e-04\n",
      "  4.84012195e-04  3.54784069e-04  7.21862571e-04  5.73548211e-04\n",
      "  6.26601294e-04  6.66636845e-04  3.95927170e-04  5.59984130e-04\n",
      "  3.91678639e-04  4.67819250e-04  3.59715136e-04 -1.72755963e-04\n",
      " -1.00000000e+00]\n",
      "[ 6.21020308e-04  3.84501397e-04  3.90938846e-04  4.78594482e-04\n",
      "  8.30280053e-04  5.74741082e-04  1.32845421e-03  6.08410141e-04\n",
      "  4.14239874e-04  6.94428705e-04  4.06893130e-04  4.98510709e-04\n",
      "  4.96983887e-04  5.00270120e-04  3.66754987e-04  3.41545329e-04\n",
      "  1.01732588e-03  7.12751122e-04  8.80125284e-04  8.24724914e-04\n",
      "  4.39726041e-04  4.90256339e-04  5.94775742e-04  8.07179162e-04\n",
      "  4.31979213e-04  1.00759620e-03  5.22092399e-04  1.03689021e-03\n",
      "  5.45483283e-04  7.65499200e-04  9.60833247e-04  8.69013224e-04\n",
      "  8.14412838e-04  4.74442853e-04  3.66421917e-04  7.64261595e-04\n",
      "  3.93269073e-04  6.70201368e-04  9.53278567e-04  4.29717047e-04\n",
      "  7.71397072e-04  5.27219768e-04  6.68182521e-04  4.52029152e-04\n",
      "  5.61951562e-04  1.06657793e-03  6.12364681e-04  1.08246260e-03\n",
      "  5.88333641e-04  6.46591505e-04  5.56851666e-04  8.21219765e-04\n",
      "  5.33593717e-04  6.44221015e-04  7.79998196e-04  8.93995564e-04\n",
      "  5.85880630e-04  5.03417053e-04  7.61892817e-04  5.81654898e-04\n",
      "  4.76889897e-04  3.73177987e-04  9.29885373e-04  5.62277404e-04\n",
      "  3.86018352e-04  4.03384276e-04  9.83912247e-04  9.77326630e-04\n",
      "  4.87737477e-04  9.43589753e-04  5.80385108e-04  5.50371639e-04\n",
      "  5.43777838e-04  3.57365227e-04  7.96853522e-04  7.17479766e-04\n",
      "  8.81066098e-04  7.69752927e-04  5.06285848e-04  6.33470317e-04\n",
      "  3.46670263e-04  5.78235276e-04  4.58927655e-04 -3.66962551e-03\n",
      " -1.00000000e+00]\n",
      "[ 5.76319664e-04  3.83987318e-04  4.49066956e-04  5.11692754e-04\n",
      "  6.96624730e-04  9.32856224e-04  6.08410141e-04  1.19560575e-03\n",
      "  4.59649929e-04  6.53803820e-04  3.04906314e-04  4.03551918e-04\n",
      "  4.31453100e-04  4.31510610e-04  3.24295549e-04  3.63633330e-04\n",
      "  8.35216954e-04  7.14165578e-04  1.11476962e-03  8.80151078e-04\n",
      "  3.64117746e-04  5.11691546e-04  5.06559475e-04  6.95629884e-04\n",
      "  4.09083027e-04  8.66520689e-04  4.55343519e-04  1.17203030e-03\n",
      "  5.68705700e-04  6.29080729e-04  9.30661117e-04  7.19062851e-04\n",
      "  6.45005857e-04  4.93185076e-04  3.80853802e-04  7.60696235e-04\n",
      "  3.73975984e-04  5.75069228e-04  6.77745755e-04  3.90066069e-04\n",
      "  5.34054533e-04  4.61391071e-04  5.56470919e-04  3.23423767e-04\n",
      "  3.60441447e-04  1.13198966e-03  4.63145806e-04  9.34579327e-04\n",
      "  4.70066502e-04  4.29213123e-04  5.73454850e-04  6.04751459e-04\n",
      "  4.62980689e-04  4.47855868e-04  4.35339752e-04  7.51792587e-04\n",
      "  4.69036354e-04  4.79864762e-04  7.59455916e-04  5.35417205e-04\n",
      "  4.58107371e-04  3.70539077e-04  5.50558595e-04  5.37357159e-04\n",
      "  4.08238038e-04  4.78619539e-04  6.13168462e-04  1.03543258e-03\n",
      "  5.10839341e-04  7.46169098e-04  4.77117688e-04  5.28657513e-04\n",
      "  5.35083009e-04  3.44411586e-04  6.99103835e-04  5.97578102e-04\n",
      "  5.54226610e-04  6.74157694e-04  3.52813201e-04  5.25950899e-04\n",
      "  3.52297773e-04  4.74290968e-04  3.87657167e-04 -5.79914644e-04\n",
      " -1.00000000e+00]\n",
      "[ 4.26807328e-04  2.80646831e-04  6.77542421e-04  3.90490896e-04\n",
      "  5.70861106e-04  4.14400629e-04  4.14239874e-04  4.59649929e-04\n",
      "  1.27185591e-03  5.31113504e-04  2.93055796e-04  3.12383750e-04\n",
      "  2.96404573e-04  3.00867074e-04  3.19284030e-04  2.98052625e-04\n",
      "  6.44625053e-04  5.90115548e-04  3.90484192e-04  5.99195322e-04\n",
      "  3.10959595e-04  5.40252519e-04  4.06333585e-04  5.23558660e-04\n",
      "  3.67404851e-04  6.60968705e-04  2.47307074e-04  4.14414172e-04\n",
      "  4.31718722e-04  4.23428098e-04  4.39073732e-04  4.17727730e-04\n",
      "  6.09096116e-04  4.23652700e-04  1.85282720e-04  4.78562294e-04\n",
      "  2.07896518e-04  4.42718884e-04  5.20371089e-04  1.91778887e-04\n",
      "  3.93561443e-04  4.39527026e-04  3.36907886e-04  2.29534449e-04\n",
      "  2.50804302e-04  3.73944069e-04  3.15677262e-04  5.99561533e-04\n",
      "  3.16844233e-04  4.07471158e-04  4.47978964e-04  3.75014933e-04\n",
      "  3.53273664e-04  3.45770559e-04  2.19593795e-04  6.01423518e-04\n",
      "  2.32449853e-04  3.08335251e-04  4.08664458e-04  3.86975087e-04\n",
      "  3.44157825e-04  3.05319262e-04  4.13938518e-04  3.59129232e-04\n",
      "  3.03761739e-04 -3.65028677e-05  3.98534249e-04  3.07925408e-04\n",
      "  2.52057351e-04  4.47610484e-04  3.60744769e-04  2.86141195e-04\n",
      "  5.04438767e-04  2.75143936e-04  4.63067391e-04  3.83245967e-04\n",
      "  2.73018862e-04  3.47591233e-04  1.21087069e-04  2.98859754e-04\n",
      "  2.49405451e-04  3.57106239e-04  2.20682497e-04 -1.55402132e-03\n",
      " -1.00000000e+00]\n",
      "[ 1.23588877e-03  3.57936915e-04  6.07914694e-04  7.04554095e-04\n",
      "  1.78038842e-03  7.50209624e-04  6.94428705e-04  6.53803820e-04\n",
      "  5.31113504e-04  4.11501320e-03  3.55610786e-04  4.65859318e-04\n",
      "  1.05359961e-03  3.19624619e-04  2.94434645e-04  3.72854226e-04\n",
      "  2.06836119e-03  3.03086349e-03  1.04095995e-03  3.63875357e-03\n",
      "  5.70581514e-04  5.49433970e-04  6.61199864e-04  1.11731102e-03\n",
      "  5.53502620e-04  2.31793153e-03  7.70814240e-04  1.21137770e-03\n",
      "  7.78621042e-04  9.58278905e-04  1.63133581e-03  1.08253423e-03\n",
      "  2.09399974e-03  6.88265439e-04  3.85228389e-04  1.11127087e-03\n",
      "  4.47847846e-04  1.39603806e-03  1.56251620e-03  4.12710698e-04\n",
      "  1.57045386e-03  4.80768554e-04  1.06093217e-03  1.04121077e-03\n",
      "  9.03434711e-04  1.25935442e-03  1.26407066e-03  1.82419291e-03\n",
      "  1.05478803e-03  1.14893950e-03  7.89640058e-04  1.18957287e-03\n",
      "  6.36109972e-04  1.06208543e-03  1.34298749e-03  1.59446915e-03\n",
      "  8.52518041e-04  5.26249753e-04  1.23765251e-03  8.91598071e-04\n",
      "  6.35541203e-04  4.18961100e-04  2.01965127e-03  1.07326682e-03\n",
      "  4.76782658e-04 -3.53937760e-04  2.57553722e-03  1.06200825e-03\n",
      "  7.40103206e-04  1.90767511e-03  1.03282425e-03  5.16574158e-04\n",
      "  1.15338493e-03  3.48885222e-04  1.20411217e-03  1.14535877e-03\n",
      "  1.57857239e-03  1.60817511e-03  8.56418968e-04  1.05061650e-03\n",
      "  7.72817674e-04  9.24131595e-04  4.92221796e-04 -3.33179114e-04\n",
      " -1.00000000e+00]\n",
      "[ 3.05106235e-04  3.15908760e-04  2.99103853e-04  2.62098842e-04\n",
      "  4.46160225e-04  3.04952880e-04  4.06893130e-04  3.04906314e-04\n",
      "  2.93055796e-04  3.55610786e-04  6.46713281e-04  3.38680523e-04\n",
      "  2.47130203e-04  3.64584213e-04  2.93603821e-04  2.57001296e-04\n",
      "  4.38890830e-04  4.31712220e-04  3.54958446e-04  4.69331840e-04\n",
      "  3.19205469e-04  3.08785454e-04  2.72756998e-04  3.75218155e-04\n",
      "  3.05800354e-04  4.18165125e-04  2.39817032e-04  3.59525869e-04\n",
      "  2.92882229e-04  3.19029513e-04  3.76947909e-04  4.24928962e-04\n",
      "  3.85870169e-04  3.53981201e-04  2.18592899e-04  4.16272389e-04\n",
      "  2.97179777e-04  3.30569635e-04  4.55024226e-04  1.46514143e-04\n",
      "  3.62602654e-04  3.34816954e-04  2.83358709e-04  2.83077542e-04\n",
      "  2.94633768e-04  3.59112191e-04  2.68508642e-04  4.25197640e-04\n",
      "  2.56502742e-04  3.29212424e-04  3.26760362e-04  3.56569361e-04\n",
      "  2.24132657e-04  3.76111574e-04  3.11449625e-04  2.94502033e-04\n",
      "  2.72674245e-04  2.79551975e-04  3.37802501e-04  2.83806924e-04\n",
      "  3.17026847e-04  2.67865715e-04  4.32764368e-04  2.09694592e-04\n",
      "  2.81434458e-04  1.05358639e-04  3.83232559e-04  4.26278615e-04\n",
      "  1.84392201e-04  4.05256231e-04  2.44821369e-04  2.70399771e-04\n",
      "  3.51899464e-04  2.27524471e-04  3.45038665e-04  2.92667940e-04\n",
      "  3.32622214e-04  2.81064331e-04  1.89679606e-04  2.74906073e-04\n",
      "  1.71531421e-04  3.08399578e-04  2.02442696e-04 -2.83658268e-03\n",
      " -1.00000000e+00]\n",
      "[ 4.10183994e-04  3.36470414e-04  3.58189775e-04  3.04709546e-04\n",
      "  4.62192113e-04  4.06447796e-04  4.98510709e-04  4.03551918e-04\n",
      "  3.12383750e-04  4.65859318e-04  3.38680523e-04  6.70508507e-04\n",
      "  2.88891599e-04  3.92881078e-04  3.05036178e-04  2.71210520e-04\n",
      "  5.79509449e-04  4.90387691e-04  4.62997464e-04  5.97158371e-04\n",
      "  3.55972287e-04  3.06702642e-04  3.61849650e-04  4.64197458e-04\n",
      "  2.84150588e-04  5.93622769e-04  3.32964281e-04  4.83059404e-04\n",
      "  3.55131306e-04  4.15899027e-04  4.83323640e-04  4.63899676e-04\n",
      "  4.97886214e-04  3.72273837e-04  2.48696620e-04  5.18553666e-04\n",
      "  3.04605303e-04  3.83520689e-04  5.72026158e-04  1.95218433e-04\n",
      "  4.63479998e-04  4.01662710e-04  3.77041861e-04  3.04031102e-04\n",
      "  3.16491864e-04  5.19545502e-04  3.16225153e-04  5.49289068e-04\n",
      "  2.83579363e-04  4.55700596e-04  3.89410642e-04  4.40933858e-04\n",
      "  2.84418925e-04  4.44555514e-04  4.19264681e-04  4.63545346e-04\n",
      "  3.90588109e-04  3.29107720e-04  4.48688556e-04  2.97054838e-04\n",
      "  3.55503643e-04  3.02905633e-04  5.24295079e-04  2.96279503e-04\n",
      "  3.00247120e-04  6.92739315e-05  5.26178547e-04  4.73078027e-04\n",
      "  2.46065419e-04  5.55380378e-04  2.84724577e-04  3.10506778e-04\n",
      "  3.17258933e-04  2.62593675e-04  3.99857358e-04  3.95498183e-04\n",
      "  4.39258224e-04  2.94713488e-04  2.70230205e-04  2.91857604e-04\n",
      "  2.55543742e-04  3.96049879e-04  2.15817454e-04 -1.69209449e-03\n",
      " -1.00000000e+00]\n",
      "[ 6.70277792e-04  2.62127548e-04  3.73763145e-04  6.72330556e-04\n",
      "  9.10872871e-04  4.58009124e-04  4.96983887e-04  4.31453100e-04\n",
      "  2.96404573e-04  1.05359961e-03  2.47130203e-04  2.88891599e-04\n",
      "  1.48717473e-03  2.83547881e-04  2.63351104e-04  3.03469817e-04\n",
      "  1.04953390e-03  1.05112483e-03  5.71494515e-04  1.10488171e-03\n",
      "  3.43813493e-04  4.16958889e-04  4.54658759e-04  7.11054987e-04\n",
      "  3.88210269e-04  9.42394165e-04  4.95895116e-04  6.86402150e-04\n",
      "  3.92189157e-04  5.36118016e-04  6.71945214e-04  7.93828964e-04\n",
      "  1.03659363e-03  5.25445115e-04  2.60332179e-04  7.18668871e-04\n",
      "  3.97139609e-04  6.65810992e-04  9.83064364e-04  4.11785243e-04\n",
      "  1.03142525e-03  3.76118191e-04  6.18854312e-04  5.10199012e-04\n",
      "  5.42855732e-04  7.79888778e-04  6.46017541e-04  8.73682274e-04\n",
      "  5.82567798e-04  6.54153219e-04  4.79392245e-04  6.85288880e-04\n",
      "  5.23699610e-04  6.26036399e-04  5.83182927e-04  8.01570445e-04\n",
      "  4.94548019e-04  3.61807711e-04  7.14915325e-04  5.97073787e-04\n",
      "  4.57039650e-04  3.11652577e-04  6.85327029e-04  5.40690291e-04\n",
      "  3.20363664e-04 -1.50614845e-04  8.34466895e-04  5.96735030e-04\n",
      "  3.61177323e-04  1.06697721e-03  5.13600597e-04  3.41585774e-04\n",
      "  6.54758462e-04  2.76931127e-04  6.51355005e-04  5.55403180e-04\n",
      "  7.15750090e-04  8.10444683e-04  4.76099190e-04  6.26047484e-04\n",
      "  3.25369745e-04  5.50108764e-04  2.93314407e-04 -1.77627097e-03\n",
      " -1.00000000e+00]\n",
      "[ 3.93627197e-04  3.89998017e-04  3.30555160e-04  3.34219483e-04\n",
      "  4.08586113e-04  3.83989562e-04  5.00270120e-04  4.31510610e-04\n",
      "  3.00867074e-04  3.19624619e-04  3.64584213e-04  3.92881078e-04\n",
      "  2.83547881e-04  8.36684735e-04  3.43357457e-04  2.95777940e-04\n",
      "  5.16186507e-04  3.60183251e-04  3.37872695e-04  4.18009478e-04\n",
      "  3.75966254e-04  3.35467189e-04  3.41188609e-04  4.25804858e-04\n",
      "  3.28272157e-04  4.18271003e-04  3.39009103e-04  4.18420151e-04\n",
      "  3.52374820e-04  3.45974227e-04  5.11501794e-04  4.46763664e-04\n",
      "  4.27717305e-04  3.67559861e-04  2.69738065e-04  4.74670520e-04\n",
      "  2.87228924e-04  3.20033130e-04  4.32673645e-04  1.50934321e-04\n",
      "  3.45191524e-04  3.36310157e-04  3.78416068e-04  2.41582443e-04\n",
      "  2.73229720e-04  3.46895993e-04  2.97330245e-04  4.44994091e-04\n",
      "  2.83543907e-04  4.62985570e-04  4.09292247e-04  3.11424718e-04\n",
      "  2.72500217e-04  3.86482839e-04  2.59353058e-04  4.35833373e-04\n",
      "  2.78592900e-04  2.80530584e-04  3.52583016e-04  3.24337216e-04\n",
      "  3.56170952e-04  3.11668363e-04  5.04618974e-04  2.15266307e-04\n",
      "  3.26427247e-04  1.04536129e-04  4.16839541e-04  3.74250154e-04\n",
      "  2.66417067e-04  4.09794655e-04  2.78677349e-04  3.04144768e-04\n",
      "  3.10968476e-04  2.75433231e-04  3.17968497e-04  2.83393934e-04\n",
      "  3.05456048e-04  2.22171404e-04  2.15833178e-04  3.02799933e-04\n",
      "  2.73256945e-04  2.83175802e-04  2.66731198e-04 -1.60828343e-03\n",
      " -1.00000000e+00]\n",
      "[ 2.88731045e-04  4.85871903e-04  3.02078752e-04  2.80277811e-04\n",
      "  3.21541266e-04  3.00019312e-04  3.66754987e-04  3.24295549e-04\n",
      "  3.19284030e-04  2.94434645e-04  2.93603821e-04  3.05036178e-04\n",
      "  2.63351104e-04  3.43357457e-04  7.67064428e-04  2.64694006e-04\n",
      "  3.99720730e-04  3.22105755e-04  2.82309926e-04  3.50662849e-04\n",
      "  3.00066723e-04  3.33443443e-04  3.21011884e-04  3.30118295e-04\n",
      "  2.85230506e-04  3.89011829e-04  2.26317295e-04  3.49925074e-04\n",
      "  2.67824451e-04  1.68404566e-04  3.87698359e-04  3.08428604e-04\n",
      "  3.53423031e-04  3.02796353e-04  2.51633527e-04  3.32326220e-04\n",
      "  2.60017185e-04  3.77946235e-04  4.17656169e-04  1.33840431e-04\n",
      "  2.09794318e-04  2.85858959e-04  3.12745512e-04  1.62554609e-04\n",
      "  2.22697131e-04  3.00729583e-04  2.59978893e-04  3.38891821e-04\n",
      "  2.47198941e-04  2.62642023e-04  2.72010588e-04  2.70192353e-04\n",
      "  2.34095395e-04  2.34057562e-04  2.21351106e-04  3.81763922e-04\n",
      "  2.51687668e-04  2.66341907e-04  3.02275885e-04  2.19182347e-04\n",
      "  3.19711813e-04  2.86828470e-04  2.60761224e-04  1.82051400e-04\n",
      "  2.90547373e-04  1.19918052e-04  3.77414480e-04  2.79023443e-04\n",
      "  2.43479563e-04  3.06067515e-04  2.37124557e-04  2.70436334e-04\n",
      "  2.05283777e-04  2.47580149e-04  2.27650428e-04  3.13138817e-04\n",
      "  2.69587400e-04  1.68465938e-04  1.44335595e-04  2.25925328e-04\n",
      "  2.12634159e-04  2.57595527e-04  2.36528663e-04 -2.42046995e-03\n",
      " -1.00000000e+00]\n",
      "[ 3.18718316e-04  3.12524206e-04  2.79987526e-04  3.61297966e-04\n",
      "  3.38588709e-04  3.48381206e-04  3.41545329e-04  3.63633330e-04\n",
      "  2.98052625e-04  3.72854226e-04  2.57001296e-04  2.71210520e-04\n",
      "  3.03469817e-04  2.95777940e-04  2.64694006e-04  6.37107838e-04\n",
      "  4.36302712e-04  3.37092219e-04  4.26495469e-04  4.39523273e-04\n",
      "  2.91332979e-04  3.33351054e-04  2.94738831e-04  3.97404695e-04\n",
      "  2.81283887e-04  4.30328119e-04  2.47829537e-04  3.89757145e-04\n",
      "  2.98575689e-04  2.20756241e-04  4.12381784e-04  3.07383763e-04\n",
      "  3.80713721e-04  3.33937486e-04  3.75889581e-04  3.44021791e-04\n",
      "  3.81476244e-04  3.01655582e-04  3.87581141e-04  1.47713837e-04\n",
      "  3.92642571e-04  3.23535631e-04  2.49979359e-04  2.45771368e-04\n",
      "  2.23825705e-04  4.10085622e-04  3.52322119e-04  4.47913035e-04\n",
      "  3.38634093e-04  3.10807308e-04  2.92648691e-04  2.69523567e-04\n",
      "  2.57880686e-04  2.93613774e-04  2.96052608e-04  3.74033216e-04\n",
      "  2.16080926e-04  2.52051474e-04  3.72750036e-04  2.49833746e-04\n",
      "  2.91485882e-04  4.07853324e-04  4.50552229e-04  2.61034870e-04\n",
      "  2.92263501e-04  7.13518434e-05  3.91029763e-04  2.79683971e-04\n",
      "  2.12576298e-04  3.49529571e-04  3.36796619e-04  2.42053055e-04\n",
      "  2.83846221e-04  3.58662872e-04  2.59837688e-04  2.74315721e-04\n",
      "  2.40993802e-04  2.66932149e-04  2.37869839e-04  3.24033571e-04\n",
      "  2.04252539e-04  2.64989566e-04  1.40731539e-04 -1.53288835e-03\n",
      " -1.00000000e+00]\n",
      "[ 1.34193219e-03  3.23277216e-04  6.40435378e-04  9.08309913e-04\n",
      "  1.78027447e-03  8.61217482e-04  1.01732588e-03  8.35216954e-04\n",
      "  6.44625053e-04  2.06836119e-03  4.38890830e-04  5.79509449e-04\n",
      "  1.04953390e-03  5.16186507e-04  3.99720730e-04  4.36302712e-04\n",
      "  3.00342605e-03  2.15568499e-03  1.39285766e-03  2.17048926e-03\n",
      "  6.02781002e-04  7.45658482e-04  9.41109007e-04  1.28575555e-03\n",
      "  6.45207089e-04  2.58799086e-03  9.14810113e-04  1.56581184e-03\n",
      "  9.51557421e-04  1.28386930e-03  1.69968648e-03  1.43469558e-03\n",
      "  2.28521944e-03  7.47041931e-04  4.70729800e-04  1.33035380e-03\n",
      "  5.84555546e-04  1.37653730e-03  1.93445418e-03  6.18951358e-04\n",
      "  1.62660781e-03  7.35728382e-04  1.23882645e-03  9.94335163e-04\n",
      "  9.66402896e-04  1.69180126e-03  1.22941319e-03  2.02047958e-03\n",
      "  1.12889479e-03  1.21106909e-03  9.13144988e-04  1.40010442e-03\n",
      "  9.15164375e-04  1.08334957e-03  1.47232957e-03  1.72154206e-03\n",
      "  1.00711003e-03  6.55322225e-04  1.35764148e-03  1.11531529e-03\n",
      "  8.04333545e-04  5.38645918e-04  1.81054619e-03  1.12813062e-03\n",
      "  5.58988684e-04  3.67862105e-04  2.19221432e-03  1.43758689e-03\n",
      "  7.47051118e-04  1.93273441e-03  1.14902911e-03  7.20842879e-04\n",
      "  1.31914990e-03  5.30999539e-04  1.23804397e-03  1.15106953e-03\n",
      "  1.65175857e-03  1.28538768e-03  8.91382346e-04  1.21467488e-03\n",
      "  7.15000687e-04  1.07851813e-03  6.90132255e-04 -3.14160216e-03\n",
      " -1.00000000e+00]\n",
      "[ 1.46048456e-03  3.11748566e-04  6.34915722e-04  6.77315836e-04\n",
      "  1.81959411e-03  8.57361080e-04  7.12751122e-04  7.14165578e-04\n",
      "  5.90115548e-04  3.03086349e-03  4.31712220e-04  4.90387691e-04\n",
      "  1.05112483e-03  3.60183251e-04  3.22105755e-04  3.37092219e-04\n",
      "  2.15568499e-03  4.14068268e-03  1.31273932e-03  3.58649204e-03\n",
      "  5.38261535e-04  5.75308375e-04  7.25364105e-04  1.04488239e-03\n",
      "  6.10346641e-04  2.22729457e-03  7.30221553e-04  1.34132276e-03\n",
      "  7.26560878e-04  1.14190120e-03  1.53318192e-03  1.22436699e-03\n",
      "  2.30593259e-03  7.15269852e-04  3.39645309e-04  1.19393214e-03\n",
      "  4.95565188e-04  1.68412700e-03  1.88601045e-03  3.84945092e-04\n",
      "  1.68466400e-03  5.55629939e-04  1.12626021e-03  9.97716252e-04\n",
      "  8.23401882e-04  1.38785757e-03  1.31674981e-03  1.90928415e-03\n",
      "  1.14319350e-03  1.16458797e-03  7.92260217e-04  1.25890938e-03\n",
      "  7.57902653e-04  1.22750165e-03  1.24646720e-03  1.61606894e-03\n",
      "  8.46488712e-04  5.36856765e-04  1.29856822e-03  9.20711997e-04\n",
      "  7.25768450e-04  4.24182962e-04  1.76103411e-03  1.17553129e-03\n",
      "  4.62126444e-04 -2.18217598e-04  2.44926757e-03  1.05322798e-03\n",
      "  7.96252022e-04  2.03689613e-03  1.15381775e-03  5.79137090e-04\n",
      "  1.17795401e-03  4.10049529e-04  1.28178399e-03  1.26673622e-03\n",
